423499781
2702874630
1924364297
4859922
2241493020
502741022
7022784549
209147944
203343912
37961773
351186996
1380220981
8103249980
6161535058
2376562772
179490903
274866263
284522605
49508464
8331381
1690155129
6618988666
4394629252
38396044
501622928
392935570
642250900
337113245
530372771
6264762533
90281
511811758
191000756
16193716
717844666
43761851
12812477
1637058764
4464136398
176660695
5798207703
1244268761
2552032
31348965
267331814
2205849832
1474500837
24928489
31891698
646017267
1476235530
412188953
1590843680
2194411809
734783782
5455356199
11589938
1968996663
33319225
3411507516
2355177789
2265923900
6846433600
250093893
185801030
45257031
325730633
29499727
19259729
11772243
1075075596
7202042647
335693876
7357570626
3262710104
3290927964
7133649538
4298296451
285913602
