174455914
2219217470
225373065
287730659
3894383993
4570819510
594488247
291316241
8238863681
8259866273
1912122483
5963790124
7966878283
8237494633
1635589448
7427503348
3257469612
8253963682
4620771479
13674206
6799462798
8041109378
7739530464
7425641649
1559410872
6306728135
7923783925
3556203447
7927096307
2081506819
7121287879
5502858913
5551542816
7740166577
1221823367
519875633
253822627
8265798659
308803213
233957165
6204712357
789876080
8266099508
220417696
2285382406
7965067223
5413646560
2332050185
5963316863
8144188236
180173025
7590109617
254721316
4125312149
7229898746
8186112859
1545770253
6990413529
7446014235
229213188
2221569764
1473623260
8255026104
1804425641
2760438881
30056192
8230627180
4106845126
6638341371
5445270945
303818229
8229222914
32180858
18526890
7337558
2057878487
3691743078
189672240
3665358415
366500989
7077046352
6177537621
2804151551
310503256
3670345580
189880224
8024495382
5565575195
8225650779
8025209573
4911136
1267196
7975830789
266159584
1554688508
7573298425
5890302428
178823439
1918911229
385780097
1924239101
187918133
3256565322
1527716413
14494910
599565716
4218849121
2089531647
5926922948
3650034107
3485478043
1978906052
6998743352
1780356
180462666
55608371
302039796
3124530385
6249736560
6125313762
235023596
8163488421
34069589
6950674789
6854166759
8224309878
6131018
7720798263
2099252786
33003443
1378044794
209453209
292667451
7601564882
196202924
8253229435
3532387601
5664426697
8265290135
7585493299
1900166366
5394588383
7936109691
230632043
5414320904
8062770608
263845588
5469230865
4104960891
4464136398
4176669721
3029840729
614293691
285186949
298934262
1519727581
7974273791
2224520981
503112972
3564477379
2898475055
34055771
17372453
1324378909
5881038943
7879961062
2178147274
22220144
229131766
7837050415
6311724967
1574603238
3670363344
5861844271
7231061938
5581228847
25627698
5604565522
7148866680
360844816
259713769
340727469
8187831465
6345527469
8205156003
8191365055
3773077192
8226916832
7103198847
8079612819
8132909501
552810420
8098493978
8064383981
5878619088
6961459247
8151114103
5516554189
8246291551
7430409372
362249561
4156953545
231450867
3416006606
4167807281
22172048
2366580448
7929832801
195956999
6353242029
240709334
211730068
8027954721
3250733513
904896287
7931348033
319610448
8189097931
207368489
6372421882
334774664
4882191819
266302016
7977945350
27199734
471629421
310042542
201279807
6992971385
8880388046
11676994
6815584077
207197066
7898295601
870966898
7679696158
1039239510
195834505
6332000735
226073810
3232452356
611530368
8264171789
1710289823
192927057
1023746674
8141053690
8268806564
1002307966
8252241799
275651040
2151404535
2303089762
8271214143
12338159
3717148098
8270924080
7164469152
436030207
1968378295
2200480355
3083441875
1723495124
312613171
8185088497
280726610
273860290
1075776519
7047507
7133350300
7514569349
7968922186
7145647805
1395397800
2007577299
5863454456
6644239341
41476301
1676713697
2150255241
8221227796
1368301001
332074814
1727282762
4055644053
7690014851
16919267
7089171069
7001757078
3576504954
2345578984
493258501
287416714
272583534
55030980
1265791910
8264582431
6691956691
258568159
3571842396
34322489
7468679269
8254396214
4642115199
3212765281
1077754139
181039192
2042721881
469137681
193880712
8054669067
8052938425
13029210
407038425
210616716
3716990256
8139829709
1913329022
3869679126
390472327
5991094931
273217248
5787854487
1120040082
3050659666
1227277679
8283802262
29547637
5685165092
6712187572
246735347
3942977717
471196831
617859797
458381281
1435535817
3587557586
805153930
209455779
464620119
12643510
7446904886
265041813
3624403880
179659279
7458988388
190588818
4182757876
6530583833
1543170978
8242877313
53805048
458780758
216094770
3668033364
48012422
5730485718
6187075320
4551511900
7098470953
55304798
366053670
24537872
4858704709
7373294412
6255581916
28382412
1141237740
7449653710
1496301965
6198613580
4031537471
7074783763
3061044389
8035950442
8278546997
5964142363
8218813422
8159554835
4336359458
674699578
1542874725
40135092
2710471687
8115616604
6401427556
7847595245
424597502
7812195102
2867567264
4162517256
5644833052
8749780
2222895108
6643224229
7284336919
8116062740
506183049
357592005
267331814
7880676043
472923101
1089977322
6618988666
270298672
360304323
1972821530
1638768479
307126996
8145696233
2435406882
8235823542
7750773698
2081428668
8162351856
7501703088
8256698225
5901323467
7379994428
6107152661
2376562772
6355735325
8189662937
2356857240
8233402474
4724208767
8002812436
296376089
5118583
7386014920
387979221
6720327485
7556012946
1993513608
2907326758
7447744630
207511057
6738120974
3566786116
315192335
7587504787
47336583
597978398
3277909564
5717055830
263842407
6239609626
8042752373
40110366
194593873
299153117
1426175464
1548946980
4141229324
6609763325
8265087186
7687102707
3537035302
207877310
8251093448
198617301
3527800911
6040799690
6340073601
7004518645
7433273864
321973142
1500782911
4861335660
4454811185
48169394
5662635477
505040087
4861105716
8161093435
7985882064
7566496846
191570555
2207557795
282044193
7554396954
1279929454
6095178997
7154638215
5770968414
435492704
7225788414
7455842845
6306524502
1706345288
314537923
8117917140
2976481271
17326080
257688034
1505785257
2920155550
19447085
7353301933
5608181352
6314341939
11533803
7968584121
12785193
8853098
8273906148
16822510
4385106
628079099
200244544
7232689224
1254404774
2078319719
6701040723
3953680073
7531358471
5743743495
6901901633
1306039776
1957887795
207580755
6305568348
7464169028
1904601118
5792852916
246858023
566292787
144038471
6687036008
46286088
464466796
7708874840
4730858058
557967792
49926190
4281818724
389917378
366561888
2061734458
34193561
295324131
826330141
1045250859
3053174908
488453611
3653972033
4264351955
3953610927
467528770
1326707969
342246386
8238435600
42265009
3626495836
6062714534
8323248152
1576790973
1525731981
7918232503
1357973947
3811946699
4845114049
7591431362
5397013903
4863294443
8018509089
1153373948
5705136681
143955910
3569254638
3886153626
294544698
21107729
6108762712
6010156938
3247045044
7569158037
2333086337
5931021796
3197014602
1203726211
2063319606
363531813
6896170925
7854668
7685444613
1966723319
369169067
4606938442
2240014951
7669823807
1700158303
5930941303
855782965
190169285
1722744740
8244395846
7150786867
1687759350
6115910049
3970495332
1755437973
7478246195
633237790
4716025340
3148090610
47923084
717295671
305193409
1552845321
1029873076
1185184451
6966380910
468723841
1187616001
282368507
8264467615
7905162296
48041474
3104874996
7183374102
1265560234
1428643704
4080337593
179726835
6932000499
3051132494
256167680
2216027975
2958145401
509930290
2983707190
1288519220
198665613
291042483
8093089553
8064131954
173628798
4639230602
2129758419
2047521805
7168594480
241367324
1545216570
4315905255
4231848178
867886249
6087550943
8001913113
8099562948
48100564
5355425054
449727405
8016219579
8278680077
1384153083
360953093
1305842959
7881841147
45138413
201099841
8319359188
18730326
2188535367
5403390841
1186523264
7983207600
1071655273
599901712
7367675228
855729937
8279105261
4648312288
5962823181
7427011277
7387538293
8297085939
7962668767
7875316128
41665404
8175372477
288215828
3122589505
14181102
7570743947
4146759538
8135840564
499183908
6312140573
618418883
2316025963
180589149
2130018650
7878094526
42541706
616490704
5627005977
437119815
1583201244
191418342
1094444806
8086880904
6512633556
7062261076
305876707
8187543962
6572966
7588324055
273722479
8189837756
198923022
39151398
4803270032
1590912148
6458970752
48676673
6096648506
178189858
6246551706
8161320779
505677608
4043836927
4807514568
4663314533
8139619829
4496218905
8270469747
2223774859
3974310313
7716834308
2057806508
17850045
6303580395
6899820859
6040084692
8063570258
8332604542
7291913016
19740798
7715284022
54157607
8052898277
8148585586
7381491338
1177072609
8206625029
8023285117
3121443237
542327092
5510035568
36382614
4919676742
8313834194
7418838977
1418060015
3175516157
8270384048
226101914
571920146
1777559170
217051107
4646724650
18981921
1004239415
488026834
273408361
191501376
466931727
6906512504
3179068546
28821230
1547859328
5905001631
5774455997
2327425709
29224946
185206295
183957886
8116852419
2113645868
4103587240
261786298
918024093
3805893710
226678216
7074655880
1615857830
201837977
8323630813
7990880858
24435015
<<<<<<< HEAD
6700053946
1945760040
8873028
1392766566
3148680993
42899854
1713001871
44447266
7381551044
180788363
29177305
184359947
14255556
6900536801
2244270417
1616048594
215810244
417310845
3019817066
8394618829
=======
326328117
>>>>>>> 3247afa0d9d8bf291103e7e19ea28215b1a3b3d7
1557882887
8319082949
328991623
6091900396
225218863
4605992671
1751319246
2055298191
192976132
1530490137
8394159049
5669513728
17462378
5551477834
4211265689
6024262065
1535337553
2000569159
7215336261
7295315805
2138550272
1661404396
5395432554
44068467
2127297356
33708035
27773001
4195024266
1427911368
8114043139
8395147150
632780769
6249669898
1829822897
258336296
8283501614
1276419109
7909792952
220516526
8223041010
296595038
5593386539
2224931683
1939647792
8010277856
1374297355
8400638526
4576155449
5891925
779972131
1459981906
477076733
1786755676
2242019891
1192921930
251549658
210517288
8127209992
256204350
5922110515
8152209817
6304113422
8381570363
1515359009
1942928467
1724270187
6889291075
1827462159
442625504
4114951929
331462837
304367372
232668012
7568207988
1431441744
8023680117
4089161
7706107011
295042328
6925459143
2211355712
6279099245
186231654
1751683027
8042480223
2120573611
5353594783
228495698
2197802649
190550479
1705060674
6847911
3032844144
6284163664
4049368418
4271093618
1068408998
1808763985
358114591
6214935926
2685656785
448527847
252621363
271863219
256897670
6706189418
195539242
1399989622
847804733
209106586
207322794
224115125
546514472
242936406
9762401
6002801668
1129028856
225960389
1364812766
294652097
4472934151
4235412762
145486926
2245675397
256887572
6826757077
230041311
515184009
6995002326
538734347
6352752730
1208900554
1292863296
187321212
271123070
265735081
8243763946
222307962
6857848412
190429823
8386047245
8154849706
7459576189
4744423630
7071095194
181226888
8158249528
3224118746
17423218
1957608828
353904853
2991130563
8177050659
52405105
180274327
856133879
6363947701
651240654
7093926871
5503930755
13875989
312203565
7954573726
6939372474
418178493
190604022
430123735
2022930230
4454208106
6856910938
4183056533
50025661
3561462264
1338630365
3015901162
8341087092
7278382624
36618292
34038829
87749
1954653915
5355044432
7563656532
3474588008
8220832064
2291516214
1572353693
2126902260
6876334471
11058067
5849117059
6107498913
8205464776
8365197133
5709314909
208470262
3313874
3252029366
220456776
473087423
4767957446
2913624298
1280936949
13593667
1740138287
1564920785
3253775087
340764971
1185628684
7109912875
965778910
5725198474
5958717855
1081593231
5533847105
6111442287
3601568805
6415048
1098168681
8077999307
3418222779
26147799
317912741
423192553
56011633
8293585899
180215343
189635986
3149458579
1438780807
6353293038
1820417867
1967726487
253393157
2178230574
5407951935
1298858947
4062475582
15589887
5615692590
346760131
2248858610
3954602741
194243595
8186901968
1933130881
395959219
205669165
3234424061
8032866346
215580203
7326735505
2276702879
424585770
5706750588
8252297870
8236713199
2192800457
333555593
268199724
7575648255
8431180490
3492113964
4349069719
7969710203
8403746587
7571963743
2334051619
4816526880
2988471675
7226457490
19701850
541855208
7584886816
8274327094
3185357176
4568988200
3087283139
8442358539
6439146040
6554425015
7190668318
3562432938
7180041801
1122472563
2281186417
8320970222
26838579
50881204
1188711482
28517300
4610480640
8096601475
5429404375
1646599619
559650840
555933217
8124720962
1547335222
8386064324
8347830700
8457890357
8301331652
5578893332
8000810051
8396827000
472432916
5794738089
6249475928
16525541
454229830
7076081336
1835807877
1565196053
6073797185
1583151509
5394512971
3226821350
7970073056
42974651
240258427
190162588
8334413225
5506429071
3480153709
8257369431
1193880992
5642871719
545940234
853460727
5524312845
8472327518
8442789216
2264742033
8382162228
213036354
5754879575
1461371283
1568769409
5645672144
7457985400
220993886
1552353921
2362143189
7963165154
1479472916
1015527068
1696107538
2272684843
7687007464
396808313
6671987499
1099918789
217482162
279770544
8041785957
7203378
1733810
7688519133
1947402683
1696290492
650605
319469370
5871307997
8376782393
8229729021
8284860178
1941207021
6845951265
6029455573
53343582
8289907170
347088963
203851168
8305112437
1958192684
8182208317
8364693913
653049865
3466479908
6685864187
49921589
212099066
143591887
6075321724
36487442
7392176648
1689723907
7203227919
8256188226
1405328733
233289062
10742621
968879744
318028950
7567861187
496463507
956754616
6098603
8207244413
8339035057
993987454
5559954811
5940512005
