322492416
4953774104
24033346
548593732
2362435659
240263260
2103103601
1532838031
7585317034
1630324914
25172162
217301215
8079280353
228081890
15145190
8203333891
3579693324
601780498
2953603353
505731367
48451884
209516850
1341661501
2350530898
5874625307
4194129696
7990229542
2060356392
14674988
476496452
300995141
1721221190
7097086789
1589619014
4475814217
6338571860
181541768
3655658496
29798919
642056
6111759892
344542236
1452393498
29844511
1694752
225960486
5937877038
144302126
195130415
2031796271
6909423158
2103331391
7064916046
17912912
7542639705
3020552280
327176202
827412
1357342751
6846504
2266460204
203182130
2102220871
1369172236
1522767383
3676052292
8437593
368258521
2982742749
1370245340
399620317
5363101154
1936941930
193124075
2282605819
2154012681
2021777418
4390927885
302085658
477978020
1548732810
330857064
1923221158
2024510687
8222477211
281512960
198084609
2083553290
276754450
2446346274
18172973
222334000
3604462642
177786939
3429918801
799830
6866304095
27230308
2363641961
37965940
9229432
3136239750
400448649
12714125
3693082805
236340441
265497819
1423995113
412506362
1550548228
22480147
549336340
5388581
1552926028
362249561
1952439665
1368455551
8573312
105003431
214306239
12402112
15112657
35859948
7785968
4627644943
839908964
4848363140
5587871389
633489056
40031922
16768700
225179325
392315582
33636045
196598478
49644242
11565783
2984482527
6832326397
231054078
182882057
287273741
447479593
329195321
259865403
7414594
2194453341
206973798
200840056
335828876
1586707366
3208588250
29860839
4685801
5690356
2165046260
8094351350
3239271663
1441875271
2300904667
7553658774
1743652011
39689932
3735925033
328180018
3594250206
54067581
3315776832
17295765
