<<<<<<< Updated upstream
7433273864
321973142
5662635477
4861105716
=======
8265087186
4141229324
1500782911
6040799690
7985882064
3537035302
6609763325
2207557795
>>>>>>> Stashed changes
7687102707
505040087
1548946980
1993513608
3277909564
<<<<<<< Updated upstream
6738120974
47336583
194593873
315192335
7447744630
8042752373
7587504787
3566786116
263842407
207511057
5901323467
296376089
7386014920
7379994428
8002812436
7750773698
2356857240
4724208767
8256698225
8189662937
387979221
8233402474
2081428668
8162351856
6107152661
2376562772
6355735325
6720327485
2435406882
8145696233
307126996
1638768479
6618988666
360304323
472923101
270298672
7880676043
267331814
6643224229
506183049
8116062740
4162517256
424597502
4336359458
8159554835
8218813422
5964142363
8035950442
3061044389
4031537471
1496301965
7449653710
1141237740
28382412
6255581916
7373294412
4858704709
24537872
7098470953
4551511900
6187075320
5730485718
48012422
3668033364
216094770
53805048
8242877313
6530583833
7458988388
179659279
265041813
464620119
805153930
3587557586
1435535817
458381281
617859797
471196831
3942977717
246735347
6712187572
1227277679
3050659666
7556012946
5787854487
273217248
3869679126
8139829709
13029210
8052938425
8054669067
2042721881
1077754139
3212765281
4642115199
8254396214
7468679269
34322489
3571842396
258568159
8264582431
1265791910
55030980
272583534
287416714
493258501
2345578984
16919267
4055644053
332074814
1368301001
2150255241
41476301
6644239341
5863454456
2007577299
7145647805
7968922186
7514569349
7047507
280726610
8185088497
312613171
3083441875
2200480355
1968378295
7164469152
8270924080
3717148098
12338159
8271214143
2303089762
8252241799
1002307966
1023746674
192927057
1710289823
8264171789
611530368
3232452356
226073810
6332000735
195834505
1039239510
7679696158
7898295601
11676994
201279807
310042542
471629421
27199734
266302016
4882191819
334774664
6372421882
207368489
8189097931
319610448
904896287
8027954721
240709334
2366580448
22172048
4167807281
362249561
7430409372
8246291551
5516554189
34069589
6998743352
5878619088
7573298425
1527716413
33003443
30056192
1635589448
7923783925
385780097
7284336919
8265798659
34055771
5581228847
5469230865
2760438881
4464136398
8266099508
8265290135
1519727581
235023596
1780356
6125313762
187918133
2081506819
2057878487
2332050185
5664426697
3556203447
6345527469
7974273791
180462666
614293691
7927096307
8253963682
8144188236
1267196
552810420
8225650779
8224309878
7148866680
6854166759
7966878283
3256565322
3029840729
2285382406
7879961062
4176669721
8186112859
3257469612
209453209
8255026104
7077046352
1473623260
7965067223
2219217470
8253229435
3894383993
4620771479
5890302428
3124530385
8132909501
178823439
1221823367
8187831465
5565575195
5551542816
5394588383
6311724967
32180858
7740166577
1545770253
7425641649
8041109378
8079612819
1324378909
7590109617
4106845126
6638341371
2224520981
4125312149
254721316
5445270945
287730659
6239609626
1924239101
5502858913
220417696
2178147274
360844816
8205156003
340727469
7103198847
8230627180
5861844271
3564477379
6204712357
1378044794
266159584
3670345580
8226916832
2099252786
259713769
7231061938
3670363344
7837050415
22220144
298934262
5414320904
7936109691
7585493299
3532387601
7601564882
6131018
6950674789
6249736560
2089531647
7975830789
6177537621
3665358415
1804425641
7229898746
5963316863
6306728135
8238863681
2207557795
=======
194593873
8042752373
7587504787
250961181
2285485966
4791063510
7043580258
14057897
47680
8220241922
4700723727
104976193
316083871
1284431047
>>>>>>> Stashed changes
1402709304
6615463143
11589938
22399907
34857267
1470443103
2305814182
28908245
23915891
3149062943
3951916969
7012780502
6846433600
7977890717
5600436616
2255488045
8130722843
1075075596
223819899
826330141
12812477
1590843680
2053492308
5457101356
1731823
276614552
1424648467
13556201
13932212
1535337553
7512846137
493786412
1220442571
2157971879
178360491
7684584234
25261098
270169105
5835738436
4663824856
354325260
5651242370
1552543746
7962172212
1619316343
7526510463
717844666
23495091
7427503348
7254764149
267293051
3713716719
5422268258
2241493020
268362895
7944803002
1524085947
1673636667
46286088
3428884108
22843263
7660296397
10225463
392518120
4908722
6161535058
3783695842
335693876
5458582523
1438963096
332436751
360627301
4469759778
6897835506
1474500837
182360478
6414747577
1510430564
1537814302
6703255330
486916174
496157779
3056001405
7819274597
3674982911
191000756
1572834875
8123564268
174704733
29040436
3949055215
8331381
1359863279
1570650659
39002818
2265923900
17859651
2051728717
2945100095
7619505373
2198806566
271185673
11636000
5487305660
11584970
7327513362
2258142259
211745873
203343912
1409612114
6686959360
5472770939
306248178
629099933
6860116205
3039188227
5925703050
2424178661
40161587
1445259725
3566239720
269049905
56178062
2205849832
6264333874
8106791104
525094055
7133649538
6918628123
3405603333
6421987476
8208587708
260196197
8235986121
2131668311
192729183
5718253246
8224635496
1649342694
266247823
1279960277
1504368361
2222078374
205185745
6693076851
6672055447
1509003970
535434816
4141575377
1739267833
858037522
265805916
1457066356
7954317
6216648198
